55
26
51515151515151515151515151515151515151515151515151515151515151515151515151515152000000000000000000000000000000
51515151515151515151515151515151515151515151515151515151515151515151515151515152000000000000000000000000000000
51510001025151515151515151515151515151515151515151515151515151515151515151515655000000000000000000000000000000
51510325055151515151515151515151515151515151515151515151515151515151515151515246000000000000000000000000000000
51510607085151515151515151515151515151515151515151515151515151515151515151515246000000000000000000000000000000
51515151515151515151515151515151515151515151515151515151515151515151515151515246000000000000000000000000000000
51515151515151515151515151000102515151515151515151515151515151515151515151515246005100000000000000000000000000
51515151515151515151510001120411010251515151515151515151515151515151515156545546000000000000000000000000000000
51515151515151515151510304040404040551515151515151515151515151515151515655464646000000000000000000000000000000
51515151515151515151510304091004040551515151515151515151515151515151515246464646000000000000000000000000000000
51515151515151515151510304111204090851515151515151515151515151515151515849464646000000000000000000000000000000
51515151515151515151510607070707085151515151515151515151515151515151515158494646000000000000000000000000000000
51515151515151515151515151515151515151515151515151515151515151515151515151584946000000000000000000000000000000
51515151515151515151515151515151515151515151515151515151515151515151515151515246000000000000000000000000000000
51515151515151515151515151515151515151515151515151515151515151515151515156545546515151515151515151515151515151
51515151515151515151515151515151515151515151515151515151515151515151515152464646515151515151515151515151515151
51515151515151515151515151515151515151515151515151515151515151515151515152464646515151515151515151515151515151
51515151515151515151515151515151515151515151005151515151515151515151515152464646515151515151515151515151515151
51515151515151515151515151515151515151515151515151515151515151515151515655464646515151515151515151515151515151
51515151515151515151515151515151515151515151515151515151515151515151515849464646515151515151515151515151515151
51515151515151515151515151515151515151515151515151515151515151515151515152464646515151515151515151515151515151
51515657515151515151515151515151515151515151515151515151515151515151515152464646515151515151515151515151515151
56545553575151515151515151515151515151515151515151515151515151515151515152464646515151515151515151515151515151
52464646505151515151515151515151515151515151515151515151515151515151515655464646515151515151515151515151515151
58494646505151515151515151515151515151515151515151515151515151515151565546464646515151515151515151515151515151
51584848595151515151515151515151515151515151515151515151515151515654554646464646515151515151515151515151515151
